7fa1a7cd16d659772f71a06415fe2d0857e2a85560a9e950b8351a0c67add6ed 3 3 495 0
c59457135739c0fcd1d155c15dc135918d4b0d02b5fa69a6fd6b8b21b332771f 12 12 3117 1539
41fd8e4fb0e2e81a16debcec7df861bf2785d61457bb1d22a122d3650e4e0915 18 18 6524 3090
d9cd7da9f6328aaf8d3926d9d770678d4d4939064ae983a00a267305df7534e1 1 1 3186 0
3b6ec47225c4b4ccadefa9de2ce526d27a6a753ed70c2f10413c3c3065942468 16 16 1397 386
a7216f4665bd14dd9ffdd038f29f6220b9cae8ad78233c5647ca71a1bca5b8bf 1 1 561 0
a19ac6199ca143ac1fed8f678a900a54d36b6f22f6b4a4af24cfb06abad135f5 16 16 873930 38196
cd3d0efd51a2a93184f8541d91df3c5caa243685f8c4689d2ce0c932f10cf353 3 3 14629 0
41dbc351d44383b0c592787cbff0326f505d55a5ef3bfa08ea87d0fdffd80454 10 10 433 51
19588d31d5b8aaa762166297f0f68ca474846551dbdb407097fb1d7f42883cb0 3 3 163 1
f9b68cac40d61a1e7f6c3776b82b20c88c8323d4fc16d47260fa7cee7021eaf9 1 1 4230 0
bbc2625d1917577a2aa8f8f1b934295a4c2ce1999a8536947ba71248f29d0ed6 1 1 1614 0
c30c63381520ae285cd35e85e968374b06d6b13d963d5c4606dc3c3a0e977381 17 17 85101 896
a3053b4d818969fc816ed70c118fceac4f4234f904b599a65bbd01bc440f78d2 35 16 7561 1107
186bef3ce46882cf15bb8fa46df461dfb0996830d9fbd72bd2630d39bb45504b 2 2 2250 0
f93a03909b544574cfba6fc228841e8f739f7bfefff7f4dc4f49af01dc0b5920 4 4 4699 195
d61bc79caf4d2060aac1259db88d6b1fbcc6bb4dc150f481f1c15d6c4ac7ba6f 3 3 2301 274
db192df745de0952d083d78215466fc22c332bfc9c50f51c031f26f0c55e7279 62 62 25452 5995
d3484895ff433a88e26e0fc6b405c60ac4a87c0e587aafe65085c9ff83026349 13 13 4256 1067
5acb769680c8a6ee3e28ae085c099acd699f613aad4cea10b1e4ed153743b35c 5 4 11830 10
6c45a86e419f2b16ec6de90e3baf4fe1e180d6dac6c3a4e8b3fa4f38e296c8a1 18 18 17547 580
6a8133a3cb26753a23b9275a3a9ad3262f103b2744ca92749b82cba18d78f61b 5 1 190 58
905e99e2cf5ee57e66aee8cad4629ece9e5bdb346dcedd6ddda276bfc7c35b99 32 32 224157 222382
5429c9cbe0d1a092ea29a7e518ee525d128b085659d720e3881ab265e7fdc4c2 11 11 626 27
1cfeca80734344a4da0d00fa5e35edada3b347c0762b14beedcee7f4beb4050a 33 29 1422 485
